104232 5269 5147 4144 899 4973 4422 4703 3949 3448 1088 2843 306 1250 7209 7327 2692 1217 2161 5878 3569 2351 27721 2068 2012 7234 1260 6954 7318 7323 1175 7361 7939 8360 7938 7820 6016 6370 1237 27266 8327 8873 27193 6711 8014 6539 5952 2011 8973 6377 665 8154 307 296 4308 1653
62059 5269 5147 4144 899 4973 4422 4703 3949 3448 1088 2843 306 1250 7209 7327 2692 1217 2161 5878 3569 2351 27721 2068 2012 7234 1260 6954 7318 7323 1175 7361 7939 8360 7938 7820 6016 6370 1237 27266 8327 8873 27193 6711 8014 6539 5952 2011 8973 6377 665 8154 307 296 4308 1653
145339 5269 5147 4144 899 4973 4422 4703 3949 3448 1088 2843 306 1250 7209 7327 2692 1217 2161 5878 3569 2351 27721 2068 2012 7234 1260 6954 7318 7323 1175 7361 7939 8360 7938 7820 6016 6370 1237 27266 8327 8873 27193 6711 8014 6539 5952 2011 8973 6377 665 8154 307 296 4308 1653
65415 5269 5147 4144 899 4973 4422 4703 3949 3448 1088 2843 306 1250 7209 7327 2692 1217 2161 5878 3569 2351 27721 2068 2012 7234 1260 6954 7318 7323 1175 7361 7939 8360 7938 7820 6016 6370 1237 27266 8327 8873 27193 6711 8014 6539 5952 2011 8973 6377 665 8154 307 296 4308 1653
136235 5269 5147 4144 899 4973 4422 4703 3949 3448 1088 2843 306 1250 7209 7327 2692 1217 2161 5878 3569 2351 27721 2068 2012 7234 1260 6954 7318 7323 1175 7361 7939 8360 7938 7820 6016 6370 1237 27266 8327 8873 27193 6711 8014 6539 5952 2011 8973 6377 665 8154 307 296 4308 1653
83179 5269 5147 4144 899 4973 4422 4703 3949 3448 1088 2843 306 1250 7209 7327 2692 1217 2161 5878 3569 2351 27721 2068 2012 7234 1260 6954 7318 7323 1175 7361 7939 8360 7938 7820 6016 6370 1237 27266 8327 8873 27193 6711 8014 6539 5952 2011 8973 6377 665 8154 307 296 4308 1653
62947 5269 5147 4144 899 4973 4422 4703 3949 3448 1088 2843 306 1250 7209 7327 2692 1217 2161 5878 3569 2351 27721 2068 2012 7234 1260 6954 7318 7323 1175 7361 7939 8360 7938 7820 6016 6370 1237 27266 8327 8873 27193 6711 8014 6539 5952 2011 8973 6377 665 8154 307 296 4308 1653
62014 5269 5147 4144 899 4973 4422 4703 3949 3448 1088 2843 306 1250 7209 7327 2692 1217 2161 5878 3569 2351 27721 2068 2012 7234 1260 6954 7318 7323 1175 7361 7939 8360 7938 7820 6016 6370 1237 27266 8327 8873 27193 6711 8014 6539 5952 2011 8973 6377 665 8154 307 296 4308 1653
1876 5269 5147 4144 899 4973 4422 4703 3949 3448 1088 2843 306 1250 7209 7327 2692 1217 2161 5878 3569 2351 27721 2068 2012 7234 1260 6954 7318 7323 1175 7361 7939 8360 7938 7820 6016 6370 1237 27266 8327 8873 27193 6711 8014 6539 5952 2011 8973 6377 665 8154 307 296 4308 1653
45597 5269 5147 4144 899 4973 4422 4703 3949 3448 1088 2843 306 1250 7209 7327 2692 1217 2161 5878 3569 2351 27721 2068 2012 7234 1260 6954 7318 7323 1175 7361 7939 8360 7938 7820 6016 6370 1237 27266 8327 8873 27193 6711 8014 6539 5952 2011 8973 6377 665 8154 307 296 4308 1653
